1 184 29 31 12 51 102 13 14 15 57 378 859 185 30 37 52 142 195 875 56 66 95 462 497 858 876 879 880 486 
2 12 15 184 858 51 102 202 14 52 380 746 859 948 285 390 391 442 497 643 856 857 877 864 658 486 
4 236 166 488 
8 48 122 20 58 196 354 360 197 999 1112 1005 492 
9 21 22 550 534 
10 259 405 302 436 437 438 998 1011 493 
12 86 194 650 649 652 624 
13 64 265 65 311 496 
15 463 462 497 
18 196 197 198 498 
22 68 502 
23 900 902 200 201 601 899 903 593 199 594 901 544 597 749 917 919 1333 634 687 698 1290 700 704 705 1109 1112 1141 1197 1256 1259 1272 1289 892 
26 145 611 376 406 565 1076 511 
27 224 278 428 512 
29 250 514 609 225 793 464 465 612 466 513 
31 776 751 
32 465 249 777 778 247 250 752 
33 252 431 141 516 
34 252 431 672 714 799 800 516 
35 166 167 132 517 
